111111111111111111111111111111111111111111
101030003000003000030003000000300000003000
111000000000000000000000000000000000000000
101000000000000000000000000000000000000000
111000000000000000000000000000000000000000
101000000000000000000000000000000000000000
111000000000000000000000000000000000000000
111000000000000000000000000000000000000000
101000000000000000000000000000000000000000
111000000000000000000000000000000000000000
101000000000000000000000000000000000000000
101000000000000000000000000000000000000000
111000000000000000000000000000000000000000
101000000000000000000000000000000000000000
111000000000000000000000000000000000000000
101000000000000000000000000000000000000000
101000000000000000000000000000000000000000
111000000000000000000000000000000000000000
101030000300000300000300000030000300003000
111111111111111111111111111111111111111111
111111111111111111111111111111111111111111
000030003000003000030003000000300000003111
000000000000000000000000000000000000000111
000000000000000000000000000000000000000111
000000000000000000000000000000000000000111
000000000000000000000000000000000000000111
000000000000000000000000000000000000000111
000000000000000000000000000000000000000111
000000000000000000000000000000000000000111
000000000000000000000000000000000000000111
000000000000000000000000000000000000000111
000000000000000000000000000000000000000111
000000000000000000000000000000000000000111
000000000000000000000000000000000000000111
000000000000000000000000000000000000000111
000000000000000000000000000000000000000111
000000000000000000000000000000000000000111
000000000000000000000000000000000000000111	
000030000300000300000300000030000300003111
111111111111111111111111111111111111111111





